1 0.5348557692307693 0.421875 0.04026442307692308 0.05048076923076923
1 0.78125 0.48197115384615385 0.03786057692307690 0.04326923076923077
0 0.875 0.49038461538461536 0.0390625 0.047475961538461536
0 0.7163461538461539 0.44471153846153844 0.03786057692307690 0.04326923076923077
0 0.6550480769230769 0.4098557692307690 0.03545673076923077 0.04026442307692308
0 0.46875 0.41466346153846156 0.033052884615384616 0.05048076923076923
0 0.36538461538461536 0.40625 0.0390625 0.047475961538461536
0 0.4411057692307690 0.39302884615384615 0.031850961538461536 0.04026442307692308
0 0.19831730769230768 0.4014423076923077 0.04146634615384615 0.051682692307692304
0 0.28125 0.4014423076923077 0.033052884615384616 0.051682692307692304
0 0.24879807692307693 0.5564903846153846 0.031850961538461536 0.046274038461538464
0 0.6153846153846154 0.42788461538461536 0.0390625 0.04927884615384615
1 0.06971153846153846 0.4387019230769231 0.019831730769230768 0.03064903846153846
0 0.8413461538461539 0.4567307692307690 0.0234375 0.027644230769230768