1 0.34615384615384615 0.7764423076923077 0.1141826923076923 0.20733173076923078
1 0.5288461538461539 0.1310096153846154 0.04266826923076923 0.09314903846153846
0 0.7331730769230769 0.12139423076923077 0.0625 0.10276442307692307
1 0.6310096153846154 0.3762019230769231 0.052884615384615384 0.10576923076923077
0 0.28125 0.0625 0.018629807692307690 0.034254807692307696
0 0.33413461538461536 0.07572115384615384 0.018629807692307690 0.03545673076923077
0 0.4230769230769231 0.046875 0.019831730769230768 0.03125
1 0.8161057692307693 0.18389423076923078 0.027043269230769230 0.04026442307692308
1 0.6814903846153846 0.0625 0.022235576923076924 0.043870192307692304
0 0.5889423076923077 0.04447115384615385 0.018629807692307690 0.045072115384615384
0 0.6165865384615384 0.013221153846153846 0.01201923076923077 0.026442307692307692
1 0.3713942307692308 0.11298076923076923 0.022235576923076924 0.04807692307692308
1 0.36899038461538464 0.17908653846153846 0.03665865384615385 0.10276442307692307