0 0.14903846153846154 0.8401442307692307 0.11658653846153846 0.21334134615384615
0 0.06370192307692307 0.5865384615384616 0.10276442307692307 0.14302884615384615
1 0.04326923076923077 0.3870192307692308 0.08233173076923077 0.0967548076923077
1 0.13942307692307693 0.36899038461538464 0.0907451923076923 0.1700721153846154
1 0.20793269230769230 0.3449519230769231 0.04026442307692308 0.08413461538461539
0 0.27403846153846156 0.4110576923076923 0.09194711538461539 0.17307692307692307
1 0.34375 0.6778846153846154 0.11177884615384616 0.19170673076923078
1 0.4423076923076923 0.6466346153846154 0.0859375 0.14783653846153846
1 0.5865384615384616 0.6382211538461539 0.13341346153846154 0.22776442307692307
1 0.4963942307692308 0.4423076923076923 0.04146634615384615 0.14543269230769232
0 0.35697115384615385 0.3605769230769231 0.06490384615384616 0.13401442307692307
0 0.4519230769230769 0.3112980769230769 0.06850961538461539 0.125
0 0.5817307692307693 0.2800480769230769 0.0625 0.11538461538461539
0 0.21033653846153846 0.18269230769230768 0.055288461538461536 0.0967548076923077
1 0.17307692307692307 0.20192307692307693 0.034254807692307696 0.08533653846153846
1 0.12139423076923077 0.13581730769230768 0.04146634615384615 0.0751201923076923
1 0.028846153846153848 0.20673076923076920 0.057692307692307696 0.1201923076923077
0 0.07211538461538461 0.19831730769230768 0.034254807692307696 0.0751201923076923
1 0.1935096153846154 0.042067307692307696 0.027043269230769230 0.049879807692307696
1 0.2439903846153846 0.11778846153846154 0.022235576923076924 0.048677884615384616
1 0.2620192307692308 0.18870192307692307 0.043870192307692304 0.08413461538461539
1 0.4098557692307690 0.3173076923076923 0.04026442307692308 0.1015625
1 0.3786057692307690 0.2127403846153846 0.03665865384615385 0.0625
1 0.33413461538461536 0.1622596153846154 0.03786057692307690 0.057692307692307696
1 0.3762019230769231 0.15384615384615385 0.04146634615384615 0.057692307692307696
1 0.3329326923076923 0.052884615384615384 0.025841346153846150 0.052884615384615384
1 0.29086538461538464 0.06009615384615385 0.013221153846153846 0.0390625
1 0.3942307692307690 0.078125 0.0234375 0.049879807692307696
1 0.4098557692307690 0.11298076923076923 0.03064903846153846 0.048677884615384616
0 0.47836538461538464 0.12259615384615384 0.03786057692307690 0.07632211538461539
1 0.5108173076923077 0.20673076923076920 0.04146634615384615 0.09495192307692307
1 0.5036057692307693 0.2776442307692308 0.04146634615384615 0.08413461538461539
1 0.5168269230769231 0.04927884615384615 0.013221153846153846 0.052884615384615384
1 0.5769230769230769 0.057692307692307696 0.019831730769230768 0.043870192307692304
1 0.6358173076923077 0.039663461538461536 0.027043269230769230 0.052884615384615384
0 0.6550480769230769 0.16706730769230768 0.045072115384615384 0.0751201923076923
0 0.625 0.2692307692307690 0.024639423076923076 0.09495192307692307
1 0.6790865384615384 0.375 0.0625 0.1015625
1 0.6862980769230769 0.1778846153846154 0.027043269230769230 0.07151442307692307
0 0.6971153846153846 0.057692307692307696 0.019831730769230768 0.043870192307692304
1 0.6814903846153846 0.5216346153846154 0.027043269230769230 0.07632211538461539
1 0.7475961538461539 0.5757211538461539 0.0811298076923077 0.17307692307692307
1 0.8161057692307693 0.7728365384615384 0.12259615384615384 0.2481971153846154
1 0.8473557692307693 0.2800480769230769 0.06009615384615385 0.11538461538461539
0 0.9555288461538461 0.3173076923076923 0.025841346153846150 0.1015625
1 0.8954326923076923 0.25961538461538464 0.03545673076923077 0.1015625
1 0.7391826923076923 0.3581730769230769 0.052884615384615384 0.07632211538461539
1 0.7956730769230769 0.21153846153846154 0.04807692307692308 0.08533653846153846
1 0.7800480769230769 0.11057692307692307 0.045072115384615384 0.08774038461538461
0 0.8269230769230769 0.08653846153846154 0.029447115384615384 0.08533653846153846
1 0.9122596153846154 0.12620192307692307 0.021033653846153848 0.057692307692307696