1 0.0625 0.23557692307692307 0.11538461538461539 0.22175480769230768
1 0.3389423076923077 0.375 0.07692307692307693 0.1544471153846154
1 0.4254807692307690 0.21754807692307693 0.034254807692307696 0.0889423076923077
1 0.5192307692307693 0.23798076923076920 0.0673076923076923 0.1388221153846154
1 0.8966346153846154 0.2620192307692308 0.03786057692307690 0.07151442307692307
0 0.9615384615384616 0.27283653846153844 0.033052884615384616 0.0751201923076923
0 0.78125 0.24278846153846154 0.04266826923076923 0.0829326923076923
0 0.71875 0.23317307692307693 0.03786057692307690 0.0829326923076923
0 0.6418269230769231 0.23798076923076920 0.04266826923076923 0.11057692307692307
0 0.2127403846153846 0.2536057692307690 0.055288461538461536 0.09795673076923077
0 0.15504807692307693 0.24639423076923078 0.025841346153846150 0.049879807692307696