1 0.0889423076923077 0.8269230769230769 0.0625 0.08653846153846154
1 0.21875 0.8269230769230769 0.057692307692307696 0.08653846153846154
1 0.33052884615384615 0.8545673076923077 0.055288461538461536 0.08353365384615384
1 0.5036057692307693 0.9002403846153846 0.0673076923076923 0.08653846153846154
1 0.7932692307692307 0.7668269230769231 0.0625 0.07271634615384616
1 0.9519230769230769 0.8353365384615384 0.056490384615384616 0.05048076923076923
1 0.6634615384615384 0.6586538461538461 0.057692307692307696 0.07692307692307693
1 0.8485576923076923 0.5072115384615384 0.04807692307692308 0.06129807692307692
1 0.9783653846153846 0.5685096153846154 0.033052884615384616 0.06430288461538461
1 0.71875 0.5036057692307693 0.03786057692307690 0.052884615384615384
1 0.5420673076923077 0.6778846153846154 0.055288461538461536 0.06850961538461539
1 0.4074519230769231 0.6454326923076923 0.055288461538461536 0.06971153846153846
1 0.2247596153846154 0.5877403846153846 0.03064903846153846 0.07692307692307693
1 0.1875 0.5733173076923077 0.056490384615384616 0.07992788461538461
1 0.1201923076923077 0.5697115384615384 0.04927884615384615 0.07271634615384616
1 0.013221153846153846 0.5432692307692307 0.026442307692307690 0.07692307692307693
1 0.020432692307692308 0.3918269230769231 0.04026442307692308 0.04326923076923077
1 0.12980769230769230 0.3894230769230769 0.043870192307692304 0.05889423076923077
1 0.2620192307692308 0.42788461538461536 0.0390625 0.05709134615384615
1 0.3425480769230769 0.41947115384615385 0.045072115384615384 0.06009615384615385
1 0.46875 0.4795673076923077 0.052884615384615384 0.06009615384615385
1 0.5697115384615384 0.49278846153846156 0.051682692307692304 0.06129807692307692
1 0.9639423076923077 0.35336538461538464 0.04266826923076923 0.06129807692307692
1 0.8137019230769231 0.3161057692307690 0.027043269230769230 0.06009615384615385
1 0.7223557692307693 0.30528846153846156 0.04026442307692308 0.06310096153846154
1 0.6502403846153846 0.30288461538461536 0.045072115384615384 0.047475961538461536
1 0.5372596153846154 0.25 0.04026442307692308 0.05889423076923077
1 0.48197115384615385 0.25721153846153844 0.03545673076923077 0.06129807692307692
1 0.37259615384615385 0.2127403846153846 0.034254807692307696 0.06009615384615385
1 0.29086538461538464 0.22956730769230768 0.033052884615384616 0.052884615384615384
1 0.17908653846153846 0.203125 0.031850961538461536 0.052884615384615384
1 0.08533653846153846 0.20192307692307693 0.04026442307692308 0.06310096153846154
1 0.019230769230769230 0.19110576923076920 0.03786057692307690 0.05588942307692308
1 0.018028846153846150 0.09615384615384616 0.03064903846153846 0.047475961538461536
1 0.11658653846153846 0.10336538461538461 0.022235576923076924 0.047475961538461536
1 0.20673076923076920 0.13942307692307693 0.033052884615384616 0.052884615384615384
1 0.3329326923076923 0.14543269230769230 0.03064903846153846 0.05588942307692308
1 0.4831730769230769 0.11778846153846154 0.028245192307692308 0.05709134615384615
1 0.5721153846153846 0.1502403846153846 0.034254807692307696 0.06009615384615385
1 0.6947115384615384 0.18028846153846154 0.034254807692307696 0.06129807692307692
1 0.7872596153846154 0.15865384615384615 0.04026442307692308 0.06310096153846154
1 0.9002403846153846 0.19110576923076920 0.03545673076923077 0.05588942307692308
1 0.9855769230769231 0.21033653846153846 0.024639423076923076 0.06009615384615385
1 0.8149038461538461 0.06009615384615385 0.029447115384615384 0.047475961538461536
1 0.7403846153846154 0.06850961538461539 0.034254807692307696 0.05048076923076923
1 0.6418269230769231 0.06129807692307690 0.033052884615384616 0.05588942307692308
1 0.5973557692307693 0.020432692307692308 0.025841346153846150 0.04026442307692308
1 0.5132211538461539 0.056490384615384616 0.031850961538461536 0.046274038461538464
1 0.44591346153846156 0.06009615384615385 0.031850961538461536 0.0390625
1 0.3786057692307690 0.046875 0.031850961538461536 0.046274038461538464
1 0.29086538461538464 0.030048076923076924 0.03786057692307690 0.046274038461538464
1 0.17548076923076920 0.051682692307692304 0.024639423076923076 0.03665865384615385
1 0.11057692307692307 0.02403846153846154 0.028846153846153848 0.04807692307692308