1 0.6670673076923077 0.65625 0.1201923076923077 0.18810096153846154
1 0.8016826923076923 0.5564903846153846 0.13221153846153846 0.19471153846153846
1 0.9399038461538461 0.4519230769230769 0.06129807692307690 0.1015625
1 0.8257211538461539 0.2548076923076923 0.0673076923076923 0.0859375
1 0.9290865384615384 0.21875 0.031850961538461536 0.06790865384615384
1 0.6850961538461539 0.36177884615384615 0.0811298076923077 0.11298076923076923
1 0.6298076923076923 0.19471153846153846 0.043870192307692304 0.07632211538461539
1 0.5612980769230769 0.4483173076923077 0.07211538461538461 0.10877403846153846
1 0.36658653846153844 0.4543269230769231 0.07211538461538461 0.1201923076923077
1 0.5072115384615384 0.36177884615384615 0.06129807692307690 0.07932692307692307
1 0.25 0.4182692307692308 0.05889423076923077 0.07632211538461539
1 0.11658653846153846 0.5240384615384616 0.07211538461538461 0.11598557692307693
1 0.05048076923076923 0.3786057692307690 0.054086538461538464 0.07932692307692307
1 0.23918269230769230 0.22115384615384615 0.057692307692307696 0.07211538461538461
1 0.3557692307692308 0.16826923076923078 0.052884615384615384 0.07632211538461539
1 0.47716346153846156 0.21634615384615385 0.03064903846153846 0.056490384615384616
1 0.53125 0.2536057692307690 0.033052884615384616 0.060697115384615384
1 0.14182692307692307 0.17067307692307693 0.057692307692307696 0.07632211538461539