1 0.040865384615384616 0.9471153846153846 0.07211538461538461 0.08774038461538461
1 0.1201923076923077 0.8497596153846154 0.06850961538461539 0.13221153846153846
0 0.16466346153846154 0.7632211538461539 0.055288461538461536 0.11838942307692307
0 0.09254807692307693 0.47596153846153844 0.05048076923076923 0.09194711538461539
1 0.2620192307692308 0.49759615384615385 0.051682692307692304 0.11057692307692307
1 0.25841346153846156 0.21875 0.057692307692307696 0.09194711538461539
1 0.0829326923076923 0.3233173076923077 0.045072115384615384 0.10576923076923077
1 0.021634615384615384 0.27884615384615385 0.033052884615384616 0.08774038461538461
1 0.5612980769230769 0.9002403846153846 0.07211538461538461 0.12800480769230768
1 0.5180288461538461 0.8052884615384616 0.06490384615384616 0.0967548076923077
1 0.49759615384615385 0.4110576923076923 0.06129807692307690 0.10576923076923077
1 0.4807692307692308 0.21875 0.0625 0.09194711538461539
1 0.48677884615384615 0.06370192307692307 0.057692307692307696 0.0751201923076923
1 0.6598557692307693 0.21875 0.055288461538461536 0.11057692307692307
1 0.6394230769230769 0.484375 0.056490384615384616 0.10276442307692307
1 0.7475961538461539 0.21634615384615385 0.06129807692307690 0.11538461538461539
1 0.8209134615384616 0.13701923076923078 0.057692307692307696 0.09014423076923077
1 0.8942307692307693 0.3161057692307690 0.0673076923076923 0.10276442307692307
1 0.9326923076923077 0.6790865384615384 0.06610576923076923 0.10276442307692307