1 0.06490384615384616 0.7019230769230769 0.1201923076923077 0.3034855769230769
0 0.4230769230769231 0.0625 0.0390625 0.06670673076923077
1 0.31971153846153844 0.056490384615384616 0.06129807692307690 0.06971153846153846
1 0.052884615384615384 0.020432692307692308 0.056490384615384616 0.040865384615384616
1 0.25600961538461536 0.171875 0.052884615384615384 0.07992788461538461
1 0.3449519230769231 0.18269230769230768 0.06971153846153846 0.1015625
0 0.5877403846153846 0.20673076923076920 0.04026442307692308 0.06850961538461539
0 0.5504807692307693 0.2620192307692308 0.06129807692307690 0.0829326923076923
1 0.6862980769230769 0.14302884615384615 0.057692307692307696 0.09435096153846154
1 0.8245192307692307 0.19471153846153846 0.043870192307692304 0.0811298076923077
1 0.7764423076923077 0.47836538461538464 0.08233173076923077 0.10576923076923077
1 0.9314903846153846 0.35336538461538464 0.0625 0.0829326923076923
1 0.4951923076923077 0.41586538461538464 0.06850961538461539 0.11177884615384616