1 0.021634615384615384 0.4891826923076923 0.04266826923076923 0.07872596153846154
1 0.08774038461538461 0.45072115384615385 0.045072115384615384 0.0703125
1 0.19110576923076920 0.45072115384615385 0.04807692307692308 0.0703125
1 0.2860576923076923 0.4254807692307690 0.04266826923076923 0.06310096153846154
1 0.3473557692307690 0.44591346153846156 0.045072115384615384 0.08353365384615384
1 0.48197115384615385 0.4639423076923077 0.045072115384615384 0.0733173076923077
1 0.5036057692307693 0.4254807692307690 0.027043269230769230 0.08653846153846154
1 0.6129807692307693 0.4362980769230769 0.024639423076923076 0.049879807692307696
1 0.6911057692307693 0.328125 0.052884615384615384 0.09375
1 0.8701923076923077 0.35216346153846156 0.05889423076923077 0.08954326923076923
1 0.9903846153846154 0.3786057692307690 0.014423076923076924 0.07451923076923077
1 0.9266826923076923 0.37259615384615385 0.04807692307692308 0.07752403846153846
0 0.6370192307692307 0.44350961538461536 0.034254807692307696 0.0703125
0 0.40384615384615385 0.49038461538461536 0.04266826923076923 0.07572115384615384
0 0.25841346153846156 0.46875 0.04807692307692308 0.08233173076923077