1 0.3858173076923077 0.6045673076923077 0.16165865384615385 0.22896634615384615
1 0.06971153846153846 0.8737980769230769 0.13942307692307693 0.21334134615384615
1 0.09375 0.3016826923076923 0.11899038461538461 0.16346153846153846
1 0.3389423076923077 0.3137019230769231 0.11177884615384616 0.13942307692307693
1 0.6586538461538461 0.3545673076923077 0.14362980769230768 0.18449519230769232
1 0.5276442307692307 0.17668269230769230 0.10396634615384616 0.16045673076923078
1 0.7427884615384616 0.09975961538461539 0.09555288461538461 0.13942307692307693
1 0.025240384615384616 0.3317307692307690 0.05048076923076923 0.11057692307692307
1 0.8701923076923077 0.11538461538461539 0.09555288461538461 0.11598557692307693
1 0.6466346153846154 0.09615384615384616 0.0673076923076923 0.1141826923076923
0 0.43990384615384615 0.19471153846153846 0.07091346153846154 0.10216346153846154
0 0.9122596153846154 0.2800480769230769 0.1346153846153846 0.17307692307692307