1 0.7896634615384616 0.7247596153846154 0.09915865384615384 0.15384615384615385
0 0.8341346153846154 0.5228365384615384 0.07692307692307693 0.1171875
0 0.44591346153846156 0.5564903846153846 0.07692307692307693 0.1171875
1 0.5216346153846154 0.6947115384615384 0.1015625 0.14783653846153846
1 0.9579326923076923 0.5444711538461539 0.06009615384615385 0.08653846153846154
1 0.18629807692307693 0.6274038461538461 0.08353365384615384 0.15384615384615385
1 0.07451923076923077 0.5060096153846154 0.054086538461538464 0.08954326923076923
1 0.2644230769230769 0.5829326923076923 0.043870192307692304 0.10096153846153846
1 0.35096153846153844 0.5300480769230769 0.052884615384615384 0.07872596153846154
1 0.3918269230769231 0.4891826923076923 0.057692307692307696 0.10817307692307693
1 0.5180288461538461 0.4855769230769231 0.06009615384615385 0.09495192307692307
1 0.5673076923076923 0.4855769230769231 0.0390625 0.07151442307692307
1 0.6129807692307693 0.3918269230769231 0.029447115384615384 0.05709134615384615
1 0.7259615384615384 0.3557692307692308 0.04266826923076923 0.052884615384615384
0 0.2980769230769231 0.49038461538461536 0.0390625 0.07572115384615384
1 0.1201923076923077 0.4098557692307690 0.034254807692307696 0.05588942307692308
1 0.37259615384615385 0.3858173076923077 0.043870192307692304 0.0673076923076923
0 0.47115384615384615 0.33653846153846156 0.033052884615384616 0.052884615384615384
1 0.5144230769230769 0.31490384615384615 0.014423076923076924 0.03786057692307692
1 0.6418269230769231 0.3088942307692308 0.018629807692307690 0.03365384615384615
1 0.42427884615384615 0.3329326923076923 0.022235576923076924 0.03665865384615385
1 0.25240384615384615 0.2956730769230769 0.019831730769230768 0.029447115384615384
1 0.6850961538461539 0.36899038461538464 0.034254807692307696 0.049879807692307696
1 0.5769230769230769 0.4254807692307690 0.029447115384615384 0.05709134615384615
1 0.9134615384615384 0.3125 0.0234375 0.039663461538461536
1 0.9591346153846154 0.30288461538461536 0.0234375 0.043870192307692304
1 0.78125 0.34615384615384615 0.018629807692307690 0.03365384615384615
1 0.9375 0.29927884615384615 0.019831730769230768 0.03665865384615385