1 0.055288461538461536 0.22235576923076920 0.07091346153846154 0.08653846153846154
1 0.1875 0.20552884615384615 0.06610576923076923 0.09795673076923077
1 0.3125 0.20072115384615385 0.06850961538461539 0.10096153846153846
1 0.40384615384615385 0.23557692307692307 0.0625 0.0673076923076923
1 0.4567307692307690 0.24158653846153846 0.0625 0.10096153846153846
1 0.7043269230769231 0.21754807692307693 0.0625 0.14182692307692307
1 0.84375 0.2824519230769231 0.07211538461538461 0.13161057692307693
1 0.8942307692307693 0.5492788461538461 0.07692307692307693 0.1466346153846154
1 0.8064903846153846 0.6334134615384616 0.08353365384615384 0.1123798076923077
1 0.6081730769230769 0.6105769230769231 0.07211538461538461 0.1201923076923077
1 0.5216346153846154 0.5024038461538461 0.0673076923076923 0.140625
1 0.3473557692307690 0.5913461538461539 0.08954326923076923 0.11117788461538461
1 0.13822115384615385 0.5024038461538461 0.07211538461538461 0.12860576923076922