1 0.04447115384615385 0.5901442307692307 0.08473557692307693 0.12259615384615384
1 0.08533653846153846 0.4254807692307690 0.04026442307692308 0.06129807692307692
1 0.12139423076923077 0.390625 0.027043269230769230 0.04326923076923077
1 0.16947115384615385 0.3473557692307690 0.025841346153846150 0.03064903846153846
1 0.021634615384615384 0.359375 0.0234375 0.026442307692307692
1 0.19591346153846154 0.4266826923076923 0.03665865384615385 0.04326923076923077
1 0.23317307692307693 0.359375 0.028245192307692308 0.04026442307692308
1 0.2848557692307690 0.5264423076923077 0.11538461538461539 0.16286057692307693
1 0.28966346153846156 0.35216346153846156 0.025841346153846150 0.026442307692307692
1 0.3762019230769231 0.36538461538461536 0.017427884615384616 0.019831730769230768
1 0.39903846153846156 0.38822115384615385 0.028245192307692308 0.03365384615384615
1 0.4411057692307690 0.4519230769230769 0.04146634615384615 0.05889423076923077
1 0.5408653846153846 0.4423076923076923 0.0625 0.08653846153846154
1 0.5060096153846154 0.39903846153846156 0.022235576923076924 0.047475961538461536
1 0.44350961538461536 0.3798076923076923 0.017427884615384616 0.0234375
1 0.5841346153846154 0.35096153846153844 0.028245192307692308 0.029447115384615384
1 0.6995192307692307 0.3918269230769231 0.024639423076923076 0.025240384615384616
1 0.6983173076923077 0.34375 0.017427884615384616 0.0234375
1 0.7451923076923077 0.4387019230769231 0.024639423076923076 0.03365384615384615
1 0.7259615384615384 0.3605769230769231 0.018629807692307690 0.018028846153846152
1 0.7752403846153846 0.39663461538461536 0.021033653846153848 0.029447115384615384
1 0.8233173076923077 0.44350961538461536 0.04807692307692308 0.06430288461538461
1 0.8894230769230769 0.39903846153846156 0.024639423076923076 0.03365384615384615
1 0.9867788461538461 0.4579326923076923 0.022235576923076924 0.0655048076923077
1 0.9603365384615384 0.3858173076923077 0.03064903846153846 0.03365384615384615
0 0.5420673076923077 0.3485576923076923 0.014423076923076924 0.019831730769230768