1 0.0625 0.7127403846153846 0.043870192307692304 0.07451923076923077
1 0.05048076923076923 0.4014423076923077 0.019831730769230768 0.05709134615384615
1 0.13341346153846154 0.3894230769230769 0.031850961538461536 0.05709134615384615
0 0.052884615384615384 0.5024038461538461 0.024639423076923076 0.06310096153846154
0 0.021634615384615384 0.5276442307692307 0.0234375 0.0703125
1 0.29927884615384615 0.25961538461538464 0.057692307692307696 0.0859375
1 0.3737980769230769 0.27403846153846156 0.052884615384615384 0.07752403846153846
1 0.48677884615384615 0.296875 0.057692307692307696 0.09375
1 0.6418269230769231 0.31009615384615385 0.04807692307692308 0.08173076923076923
1 0.7536057692307693 0.2848557692307690 0.057692307692307696 0.09375
1 0.9723557692307693 0.38100961538461536 0.03545673076923077 0.05108173076923077
0 0.9735576923076923 0.5 0.03786057692307690 0.07572115384615384