1 0.2644230769230769 0.1045673076923077 0.024639423076923076 0.06430288461538461
1 0.23557692307692307 0.1466346153846154 0.0390625 0.0673076923076923
1 0.1622596153846154 0.6310096153846154 0.07992788461538461 0.14122596153846154
1 0.33653846153846156 0.5204326923076923 0.0625 0.1268028846153846
1 0.4170673076923077 0.31009615384615385 0.055288461538461536 0.11177884615384616
1 0.40024038461538464 0.03125 0.021033653846153848 0.03485576923076923
1 0.4567307692307690 0.04927884615384615 0.018629807692307690 0.04567307692307692
1 0.5552884615384616 0.07932692307692307 0.029447115384615384 0.048677884615384616
1 0.5408653846153846 0.24879807692307693 0.052884615384615384 0.10817307692307693
1 0.5685096153846154 0.4230769230769231 0.0625 0.12379807692307693
1 0.6514423076923077 0.2439903846153846 0.057692307692307696 0.10817307692307693
0 0.7475961538461539 0.125 0.029447115384615384 0.05829326923076923
1 0.8100961538461539 0.15625 0.034254807692307696 0.07692307692307693
1 0.7860576923076923 0.04567307692307690 0.028245192307692308 0.05348557692307692
1 0.8497596153846154 0.038461538461538464 0.03545673076923077 0.05829326923076923
1 0.8990384615384616 0.06370192307692307 0.033052884615384616 0.04567307692307692