1 0.09615384615384616 0.23557692307692307 0.052884615384615384 0.0625
1 0.25961538461538464 0.20192307692307693 0.043870192307692304 0.06670673076923077
1 0.15504807692307693 0.28725961538461536 0.021033653846153848 0.04026442307692308
1 0.33653846153846156 0.24639423076923078 0.028245192307692308 0.049879807692307696
1 0.42427884615384615 0.23557692307692307 0.03665865384615385 0.0811298076923077
1 0.5300480769230769 0.25600961538461536 0.04026442307692308 0.08413461538461539
1 0.7115384615384616 0.25961538461538464 0.028245192307692308 0.08533653846153846
1 0.8617788461538461 0.24278846153846154 0.03665865384615385 0.07632211538461539
1 0.5829326923076923 0.33533653846153844 0.009615384615384616 0.021634615384615384
1 0.9879807692307693 0.3581730769230769 0.009615384615384616 0.02283653846153846
1 0.9747596153846154 0.3641826923076923 0.014423076923076924 0.026442307692307692