1 0.10817307692307693 0.5612980769230769 0.11177884615384616 0.17127403846153846
1 0.20432692307692307 0.8149038461538461 0.12139423076923077 0.19771634615384615
1 0.31490384615384615 0.4723557692307690 0.06370192307692307 0.10396634615384616
1 0.23798076923076920 0.47596153846153844 0.051682692307692304 0.0673076923076923
1 0.30408653846153844 0.3449519230769231 0.04807692307692308 0.07451923076923077
1 0.4170673076923077 0.3762019230769231 0.045072115384615384 0.09375
1 0.3798076923076923 0.3425480769230769 0.029447115384615384 0.049879807692307696
1 0.47716346153846156 0.49759615384615385 0.06971153846153846 0.1201923076923077
1 0.6213942307692307 0.3894230769230769 0.0673076923076923 0.1201923076923077
1 0.7728365384615384 0.34615384615384615 0.05048076923076923 0.09495192307692307
1 0.7608173076923077 0.5973557692307693 0.09314903846153846 0.13762019230769232
1 0.8581730769230769 0.8834134615384616 0.1484375 0.20192307692307693
1 0.8894230769230769 0.3762019230769231 0.0390625 0.0703125
1 0.9507211538461539 0.453125 0.04807692307692308 0.0673076923076923
1 0.9579326923076923 0.7115384615384616 0.07992788461538461 0.2169471153846154
1 0.6862980769230769 0.4170673076923077 0.04146634615384615 0.0703125
1 0.9543269230769231 0.35216346153846156 0.03786057692307690 0.045072115384615384