0 0.10576923076923077 0.23557692307692307 0.1141826923076923 0.1778846153846154
0 0.23557692307692307 0.11658653846153846 0.06610576923076923 0.08353365384615384
1 0.3545673076923077 0.20552884615384615 0.045072115384615384 0.08653846153846154
1 0.41225961538461536 0.34375 0.07992788461538461 0.12920673076923078
1 0.25600961538461536 0.7487980769230769 0.20853365384615385 0.30528846153846156
1 0.5600961538461539 0.6850961538461539 0.19591346153846154 0.30408653846153844
1 0.6189903846153846 0.39783653846153844 0.09795673076923077 0.16165865384615385
1 0.49759615384615385 0.24879807692307693 0.07091346153846154 0.11298076923076923
0 0.8317307692307693 0.23798076923076920 0.08233173076923077 0.12920673076923078
1 0.9447115384615384 0.13942307692307693 0.0907451923076923 0.1141826923076923
1 0.9579326923076923 0.28725961538461536 0.07992788461538461 0.1424278846153846
1 0.7884615384615384 0.5528846153846154 0.1141826923076923 0.18389423076923078