1 0.06610576923076923 0.3870192307692308 0.09795673076923077 0.1640625
1 0.3233173076923077 0.2548076923076923 0.03665865384615385 0.06850961538461539
1 0.4170673076923077 0.2824519230769231 0.03064903846153846 0.07451923076923077
1 0.6286057692307693 0.25721153846153844 0.03665865384615385 0.0733173076923077
1 0.6887019230769231 0.17307692307692307 0.04146634615384615 0.09555288461538461
1 0.8930288461538461 0.25961538461538464 0.07992788461538461 0.20072115384615385
1 0.7115384615384616 0.46274038461538464 0.04266826923076923 0.08473557692307693
0 0.8245192307692307 0.2848557692307690 0.054086538461538464 0.08954326923076923
0 0.38100961538461536 0.21754807692307693 0.022235576923076924 0.055288461538461536
1 0.28966346153846156 0.2127403846153846 0.021033653846153848 0.06490384615384616
0 0.20192307692307693 0.18990384615384615 0.034254807692307696 0.0907451923076923
1 0.5504807692307693 0.17548076923076920 0.034254807692307696 0.07091346153846154