1 0.0829326923076923 0.3137019230769231 0.05048076923076923 0.10276442307692307
1 0.16466346153846154 0.3737980769230769 0.045072115384615384 0.0889423076923077
1 0.34975961538461536 0.3485576923076923 0.055288461538461536 0.11057692307692307
1 0.40384615384615385 0.3245192307692308 0.04266826923076923 0.0811298076923077
1 0.45072115384615385 0.5600961538461539 0.052884615384615384 0.0967548076923077
1 0.5252403846153846 0.3112980769230769 0.03064903846153846 0.07992788461538461
1 0.5600961538461539 0.32211538461538464 0.043870192307692304 0.09495192307692307
1 0.6117788461538461 0.3557692307692308 0.04146634615384615 0.0811298076923077
1 0.6490384615384616 0.390625 0.04266826923076923 0.0889423076923077
1 0.7115384615384616 0.41346153846153844 0.057692307692307696 0.1063701923076923
1 0.7644230769230769 0.3004807692307690 0.034254807692307696 0.07632211538461539
0 0.8064903846153846 0.3004807692307690 0.03665865384615385 0.06670673076923077
1 0.8810096153846154 0.2800480769230769 0.04146634615384615 0.0889423076923077
1 0.9375 0.3016826923076923 0.04927884615384615 0.09795673076923077
1 0.2980769230769231 0.2776442307692308 0.034254807692307696 0.0751201923076923
1 0.47475961538461536 0.32211538461538464 0.03545673076923077 0.06670673076923077
1 0.36658653846153844 0.2776442307692308 0.03665865384615385 0.0655048076923077
1 0.8377403846153846 0.2980769230769231 0.025841346153846150 0.052884615384615384