1 0.0889423076923077 0.29927884615384615 0.057692307692307696 0.08954326923076923
0 0.24158653846153846 0.3581730769230769 0.04807692307692308 0.07151442307692307
1 0.34375 0.26802884615384615 0.052884615384615384 0.08653846153846154
1 0.36658653846153844 0.6814903846153846 0.10276442307692307 0.19471153846153846
1 0.4074519230769231 0.4735576923076923 0.08473557692307693 0.13040865384615385
1 0.5324519230769231 0.2548076923076923 0.03064903846153846 0.05889423076923077
1 0.6153846153846154 0.4326923076923077 0.0907451923076923 0.15384615384615385
0 0.6730769230769231 0.20432692307692307 0.034254807692307696 0.07151442307692307
1 0.6947115384615384 0.30288461538461536 0.043870192307692304 0.07572115384615384
1 0.7716346153846154 0.44711538461538464 0.057692307692307696 0.09495192307692307
1 0.7920673076923077 0.27884615384615385 0.05048076923076923 0.07752403846153846
1 0.8918269230769231 0.5240384615384616 0.11899038461538461 0.1640625
1 0.9290865384615384 0.21033653846153846 0.03665865384615385 0.06009615384615385
1 0.8725961538461539 0.21394230769230768 0.0390625 0.0673076923076923
1 0.027644230769230768 0.6081730769230769 0.055288461538461536 0.11598557692307693