1 0.10817307692307693 0.4891826923076923 0.07692307692307693 0.18990384615384615
1 0.27283653846153844 0.3161057692307690 0.08954326923076923 0.13701923076923078
1 0.08653846153846154 0.22355769230769230 0.04807692307692308 0.0829326923076923
1 0.32572115384615385 0.09014423076923077 0.04146634615384615 0.08413461538461539
1 0.46153846153846156 0.3269230769230769 0.052884615384615384 0.0967548076923077
1 0.5240384615384616 0.2608173076923077 0.03786057692307690 0.0889423076923077
1 0.6225961538461539 0.27403846153846156 0.034254807692307696 0.0967548076923077
1 0.5721153846153846 0.45552884615384615 0.05889423076923077 0.11538461538461539
1 0.6045673076923077 0.6706730769230769 0.06009615384615385 0.12920673076923078
1 0.7632211538461539 0.43149038461538464 0.0673076923076923 0.10276442307692307
1 0.5985576923076923 0.052884615384615384 0.028245192307692308 0.07151442307692307
1 0.8233173076923077 0.12860576923076920 0.03665865384615385 0.045072115384615384
1 0.9579326923076923 0.20552884615384615 0.06971153846153846 0.13701923076923078
1 0.4675480769230769 0.10576923076923077 0.021033653846153848 0.0625