1 0.030048076923076924 0.23798076923076920 0.055288461538461536 0.08052884615384616
1 0.08653846153846154 0.27524038461538464 0.033052884615384616 0.0546875
1 0.2403846153846154 0.2247596153846154 0.034254807692307696 0.060697115384615384
1 0.30528846153846156 0.22716346153846154 0.051682692307692304 0.08653846153846154
1 0.34375 0.23798076923076920 0.028245192307692308 0.051682692307692304
1 0.3942307692307690 0.27524038461538464 0.03786057692307690 0.0546875
1 0.46634615384615385 0.27283653846153844 0.03786057692307690 0.05048076923076923
1 0.5661057692307693 0.3125 0.052884615384615384 0.07211538461538461
1 0.6153846153846154 0.21634615384615385 0.043870192307692304 0.06610576923076923
1 0.7139423076923077 0.23557692307692307 0.033052884615384616 0.05348557692307692
1 0.7512019230769231 0.23197115384615385 0.04146634615384615 0.06911057692307693
1 0.8293269230769231 0.32572115384615385 0.04807692307692308 0.06911057692307693
1 0.9038461538461539 0.265625 0.04266826923076923 0.07932692307692307
1 0.4230769230769231 0.25841346153846156 0.019831730769230768 0.036057692307692304