1 0.12740384615384615 0.20673076923076920 0.0390625 0.07151442307692307
1 0.24519230769230768 0.21995192307692307 0.04927884615384615 0.07451923076923077
1 0.33774038461538464 0.2403846153846154 0.04026442307692308 0.05709134615384615
1 0.43149038461538464 0.12259615384615384 0.057692307692307696 0.0967548076923077
1 0.48677884615384615 0.16947115384615385 0.031850961538461536 0.04807692307692308
1 0.5600961538461539 0.17908653846153846 0.051682692307692304 0.07451923076923077
1 0.6298076923076923 0.36899038461538464 0.043870192307692304 0.07451923076923077
1 0.6850961538461539 0.15264423076923078 0.051682692307692304 0.07451923076923077
1 0.7692307692307693 0.21033653846153846 0.04807692307692308 0.07872596153846154
1 0.8365384615384616 0.22956730769230768 0.033052884615384616 0.05588942307692308
1 0.8786057692307693 0.23076923076923078 0.04146634615384615 0.05889423076923077
1 0.9026442307692307 0.1814903846153846 0.025841346153846150 0.040865384615384616
1 0.9723557692307693 0.15625 0.05048076923076923 0.08173076923076923