1 0.09495192307692307 0.7475961538461539 0.1700721153846154 0.31790865384615385
1 0.2608173076923077 0.6129807692307693 0.10276442307692307 0.18870192307692307
0 0.3004807692307690 0.3762019230769231 0.06370192307692307 0.10576923076923077
1 0.4098557692307690 0.5108173076923077 0.08473557692307693 0.14603365384615385
0 0.47475961538461536 0.35216346153846156 0.03545673076923077 0.11838942307692307
1 0.5456730769230769 0.4206730769230769 0.1063701923076923 0.21213942307692307
1 0.6430288461538461 0.4182692307692308 0.08473557692307693 0.18209134615384615
0 0.6730769230769231 0.1346153846153846 0.043870192307692304 0.08533653846153846
1 0.8641826923076923 0.21033653846153846 0.04807692307692308 0.0751201923076923
1 0.9170673076923077 0.17908653846153846 0.055288461538461536 0.10276442307692307
1 0.7391826923076923 0.3125 0.04807692307692308 0.08533653846153846
1 0.78125 0.41586538461538464 0.07211538461538461 0.140625
1 0.9591346153846154 0.4362980769230769 0.0673076923076923 0.13701923076923078
1 0.7524038461538461 0.9074519230769231 0.1346153846153846 0.16826923076923078
1 0.4411057692307690 0.09975961538461539 0.031850961538461536 0.057692307692307696
0 0.5949519230769231 0.13221153846153846 0.03064903846153846 0.07151442307692307
0 0.7764423076923077 0.046875 0.033052884615384616 0.04807692307692308