0 0.12259615384615384 0.3004807692307690 0.06370192307692307 0.13401442307692307
0 0.18629807692307693 0.42427884615384615 0.0625 0.10396634615384616
0 0.19110576923076920 0.5973557692307693 0.0673076923076923 0.13762019230769232
0 0.24759615384615385 0.27163461538461536 0.06129807692307690 0.13401442307692307
0 0.33533653846153844 0.5480769230769231 0.07451923076923077 0.16286057692307693
1 0.44471153846153844 0.578125 0.0907451923076923 0.19471153846153846
0 0.5396634615384616 0.30528846153846156 0.055288461538461536 0.13401442307692307
0 0.6057692307692307 0.6646634615384616 0.08233173076923077 0.15685096153846154
0 0.6201923076923077 0.4951923076923077 0.06610576923076923 0.13401442307692307
1 0.8822115384615384 0.640625 0.0811298076923077 0.1856971153846154
0 0.9603365384615384 0.3545673076923077 0.055288461538461536 0.11838942307692307
0 0.6923076923076923 0.15264423076923078 0.056490384615384616 0.10396634615384616
0 0.8786057692307693 0.20192307692307693 0.04146634615384615 0.0811298076923077
0 0.48197115384615385 0.2764423076923077 0.055288461538461536 0.09555288461538461