1 0.03245192307692308 0.17548076923076920 0.025841346153846150 0.06670673076923077
1 0.0829326923076923 0.109375 0.025841346153846150 0.05588942307692308
1 0.11658653846153846 0.20432692307692307 0.027043269230769230 0.05709134615384615
1 0.20192307692307693 0.18269230769230768 0.034254807692307696 0.07151442307692307
1 0.2668269230769231 0.2127403846153846 0.052884615384615384 0.08473557692307693
1 0.31009615384615385 0.11899038461538461 0.029447115384615384 0.0751201923076923
1 0.36538461538461536 0.11899038461538461 0.024639423076923076 0.05588942307692308
1 0.5228365384615384 0.20673076923076920 0.04026442307692308 0.0907451923076923
1 0.6009615384615384 0.17548076923076920 0.03786057692307690 0.09555288461538461
1 0.7151442307692307 0.17548076923076920 0.055288461538461536 0.11478365384615384
1 0.8040865384615384 0.19230769230769230 0.04807692307692308 0.10036057692307693
1 0.8942307692307693 0.15625 0.03786057692307690 0.06670673076923077
0 0.9074519230769231 0.45552884615384615 0.03064903846153846 0.0751201923076923