0 0.042067307692307696 0.71875 0.021033653846153848 0.06129807692307692
1 0.09615384615384616 0.7283653846153846 0.04266826923076923 0.07151442307692307
1 0.17427884615384615 0.6971153846153846 0.017427884615384616 0.043870192307692304
1 0.25961538461538464 0.7524038461538461 0.0390625 0.06129807692307692
0 0.3245192307692308 0.5661057692307693 0.024639423076923076 0.045072115384615384
1 0.35216346153846156 0.5829326923076923 0.03545673076923077 0.049879807692307696
0 0.3954326923076923 0.5949519230769231 0.03064903846153846 0.03665865384615385
0 0.36899038461538464 0.6634615384615384 0.031850961538461536 0.052884615384615384
1 0.32091346153846156 0.6983173076923077 0.03665865384615385 0.049879807692307696
1 0.41346153846153844 0.6742788461538461 0.03786057692307690 0.06009615384615385
1 0.45552884615384615 0.6237980769230769 0.03545673076923077 0.06430288461538461
1 0.5480769230769231 0.5913461538461539 0.029447115384615384 0.043870192307692304
1 0.5024038461538461 0.6983173076923077 0.0390625 0.06430288461538461
1 0.5264423076923077 0.7716346153846154 0.04266826923076923 0.0733173076923077
1 0.5985576923076923 0.5805288461538461 0.03786057692307690 0.06009615384615385
0 0.5733173076923077 0.9603365384615384 0.04807692307692308 0.0703125
1 0.5661057692307693 0.4831730769230769 0.027043269230769230 0.03786057692307692
1 0.5108173076923077 0.44711538461538464 0.022235576923076924 0.039663461538461536
1 0.6153846153846154 0.4891826923076923 0.024639423076923076 0.040865384615384616
1 0.7271634615384616 0.41225961538461536 0.025841346153846150 0.03665865384615385
1 0.7860576923076923 0.4230769230769231 0.018629807692307690 0.029447115384615384
1 0.9050480769230769 0.5 0.025841346153846150 0.03365384615384615