1 0.0829326923076923 0.31490384615384615 0.045072115384615384 0.0733173076923077
1 0.1466346153846154 0.28125 0.03786057692307690 0.06129807692307692
1 0.1971153846153846 0.24879807692307693 0.029447115384615384 0.049879807692307696
1 0.2668269230769231 0.3245192307692308 0.04807692307692308 0.07151442307692307
1 0.4182692307692308 0.3125 0.04807692307692308 0.07151442307692307
1 0.5060096153846154 0.24519230769230768 0.08353365384615384 0.13040865384615385
1 0.6033653846153846 0.23798076923076920 0.04266826923076923 0.08653846153846154
1 0.6947115384615384 0.32211538461538464 0.029447115384615384 0.043870192307692304
1 0.7608173076923077 0.2776442307692308 0.04146634615384615 0.07451923076923077
1 0.8521634615384616 0.3293269230769231 0.03545673076923077 0.06129807692307692
1 0.9375 0.3016826923076923 0.034254807692307696 0.06430288461538461
1 0.9699519230769231 0.28966346153846156 0.021033653846153848 0.049879807692307696
1 0.27884615384615385 0.23557692307692307 0.028245192307692308 0.03786057692307692