1 0.055288461538461536 0.6262019230769231 0.0859375 0.1856971153846154
1 0.30408653846153844 0.33413461538461536 0.060697115384615384 0.1063701923076923
1 0.3473557692307690 0.6826923076923077 0.11538461538461539 0.2686298076923077
1 0.5504807692307693 0.4987980769230769 0.09555288461538461 0.20192307692307693
0 0.5985576923076923 0.2764423076923077 0.06670673076923077 0.140625
1 0.6538461538461539 0.2512019230769231 0.04807692307692308 0.11057692307692307
1 0.7512019230769231 0.25841346153846156 0.06430288461538461 0.13762019230769232
1 0.8425480769230769 0.3293269230769231 0.0985576923076923 0.17307692307692307
1 0.9663461538461539 0.16105769230769230 0.038461538461538464 0.09555288461538461
1 0.6682692307692307 0.7079326923076923 0.11598557692307693 0.21153846153846154
0 0.3894230769230769 0.21394230769230768 0.043870192307692304 0.07632211538461539