1 0.3581730769230769 0.3329326923076923 0.0625 0.1856971153846154
1 0.07451923076923077 0.37740384615384615 0.0811298076923077 0.15925480769230768
1 0.16706730769230768 0.2776442307692308 0.06490384615384616 0.1466346153846154
1 0.38822115384615385 0.49158653846153844 0.0625 0.1466346153846154
1 0.4411057692307690 0.35336538461538464 0.057692307692307696 0.12920673076923078
1 0.5997596153846154 0.2824519230769231 0.09435096153846154 0.15564903846153846
1 0.23918269230769230 0.31971153846153844 0.03665865384615385 0.11538461538461539
0 0.6394230769230769 0.48677884615384615 0.10036057692307693 0.21814903846153846
0 0.7596153846153846 0.4266826923076923 0.06850961538461539 0.16045673076923078
0 0.9507211538461539 0.33533653846153844 0.052884615384615384 0.1201923076923077
0 0.9807692307692307 0.33052884615384615 0.033052884615384616 0.1466346153846154