1 0.052884615384615384 0.12860576923076920 0.06850961538461539 0.1328125
1 0.17067307692307693 0.14903846153846154 0.08233173076923077 0.1388221153846154
1 0.18870192307692307 0.41346153846153844 0.08834134615384616 0.15264423076923078
1 0.10336538461538461 0.7536057692307693 0.07692307692307693 0.13762019230769232
1 0.31490384615384615 0.46033653846153844 0.0859375 0.16526442307692307
1 0.2956730769230769 0.8112980769230769 0.07692307692307693 0.1201923076923077
1 0.5168269230769231 0.6129807692307693 0.08713942307692307 0.1778846153846154
1 0.5300480769230769 0.9002403846153846 0.07992788461538461 0.16526442307692307
1 0.5985576923076923 0.5661057692307693 0.07692307692307693 0.1466346153846154
1 0.7331730769230769 0.7752403846153846 0.07692307692307693 0.16526442307692307
1 0.8449519230769231 0.3173076923076923 0.07992788461538461 0.1544471153846154
1 0.96875 0.18028846153846154 0.057692307692307696 0.1201923076923077
1 0.9651442307692307 0.421875 0.06490384615384616 0.15144230769230768
1 0.8365384615384616 0.6225961538461539 0.07692307692307693 0.15925480769230768
1 0.9435096153846154 0.7091346153846154 0.09314903846153846 0.1640625
1 0.8137019230769231 0.9194711538461539 0.08834134615384616 0.15144230769230768