0 0.10697115384615384 0.08653846153846154 0.04026442307692308 0.0673076923076923
0 0.17668269230769230 0.21394230769230768 0.04807692307692308 0.0673076923076923
0 0.1658653846153846 0.37259615384615385 0.052884615384615384 0.07752403846153846
1 0.1346153846153846 0.5492788461538461 0.04927884615384615 0.0703125
0 0.47115384615384615 0.1502403846153846 0.04266826923076923 0.0673076923076923
1 0.42788461538461536 0.30288461538461536 0.04927884615384615 0.0673076923076923
1 0.46875 0.40024038461538464 0.04807692307692308 0.0673076923076923
1 0.44350961538461536 0.5745192307692307 0.052884615384615384 0.07752403846153846
1 0.7403846153846154 0.06129807692307690 0.043870192307692304 0.06430288461538461
1 0.8197115384615384 0.16346153846153846 0.051682692307692304 0.06310096153846154
0 0.8064903846153846 0.28846153846153844 0.04146634615384615 0.052884615384615384
0 0.7019230769230769 0.4254807692307690 0.043870192307692304 0.07151442307692307
1 0.7920673076923077 0.6237980769230769 0.05048076923076923 0.040865384615384616