0 0.12980769230769230 0.90625 0.043870192307692304 0.06370192307692307
0 0.027644230769230768 0.6730769230769231 0.04026442307692308 0.06610576923076923
0 0.14903846153846154 0.6814903846153846 0.03786057692307690 0.06490384615384616
0 0.042067307692307696 0.5709134615384616 0.03545673076923077 0.057692307692307696
0 0.16346153846153846 0.5300480769230769 0.04266826923076923 0.06490384615384616
0 0.056490384615384616 0.43509615384615385 0.03665865384615385 0.061899038461538464
0 0.1622596153846154 0.4362980769230769 0.03545673076923077 0.040865384615384616
0 0.20072115384615385 0.38341346153846156 0.031850961538461536 0.049879807692307696
0 0.06370192307692307 0.28725961538461536 0.031850961538461536 0.052884615384615384
0 0.09615384615384616 0.23918269230769230 0.028245192307692308 0.03665865384615385
0 0.21033653846153846 0.25721153846153844 0.03545673076923077 0.057692307692307696
0 0.11778846153846154 0.1141826923076923 0.029447115384615384 0.049879807692307696
0 0.20793269230769230 0.1310096153846154 0.03545673076923077 0.057692307692307696
0 0.22596153846153846 0.06370192307692307 0.033052884615384616 0.045072115384615384
0 0.3942307692307690 0.12259615384615384 0.018629807692307690 0.042067307692307696
1 0.4699519230769231 0.10817307692307693 0.021033653846153848 0.043870192307692304
1 0.5168269230769231 0.09375 0.0234375 0.042067307692307696
0 0.4519230769230769 0.140625 0.029447115384615384 0.045072115384615384
0 0.4567307692307690 0.19831730769230768 0.028245192307692308 0.045072115384615384
1 0.4362980769230769 0.2980769230769231 0.027043269230769230 0.039663461538461536
0 0.4723557692307690 0.3485576923076923 0.021033653846153848 0.043870192307692304
0 0.45072115384615385 0.40024038461538464 0.022235576923076924 0.049879807692307696
0 0.45552884615384615 0.4879807692307690 0.03064903846153846 0.052884615384615384
0 0.43149038461538464 0.5793269230769231 0.03665865384615385 0.057692307692307696
0 0.46634615384615385 0.6550480769230769 0.033052884615384616 0.045072115384615384
0 0.47475961538461536 0.8365384615384616 0.03545673076923077 0.039663461538461536
0 0.49158653846153844 0.9290865384615384 0.04146634615384615 0.06971153846153846
0 0.46033653846153844 0.9122596153846154 0.014423076923076924 0.045072115384615384
1 0.5216346153846154 0.4411057692307690 0.033052884615384616 0.049879807692307696
0 0.5528846153846154 0.4831730769230769 0.034254807692307696 0.061899038461538464
0 0.5600961538461539 0.3894230769230769 0.034254807692307696 0.052884615384615384
0 0.5324519230769231 0.38341346153846156 0.025841346153846150 0.049879807692307696
0 0.5240384615384616 0.20552884615384615 0.018629807692307690 0.03665865384615385
0 0.5444711538461539 0.2283653846153846 0.03064903846153846 0.048677884615384616
0 0.5805288461538461 0.10817307692307693 0.025841346153846150 0.043870192307692304
0 0.5877403846153846 0.24879807692307693 0.03064903846153846 0.049879807692307696
0 0.6346153846153846 0.23918269230769230 0.024639423076923076 0.03665865384615385
0 0.6358173076923077 0.3473557692307690 0.031850961538461536 0.049879807692307696
0 0.6153846153846154 0.5228365384615384 0.029447115384615384 0.040865384615384616
0 0.5612980769230769 0.6694711538461539 0.027043269230769230 0.057692307692307696
0 0.5973557692307693 0.71875 0.03545673076923077 0.057692307692307696
0 0.6418269230769231 0.7139423076923077 0.033052884615384616 0.057692307692307696
0 0.6478365384615384 0.546875 0.03545673076923077 0.057692307692307696
0 0.6370192307692307 0.9387019230769231 0.029447115384615384 0.057692307692307696
0 0.6165865384615384 0.15144230769230768 0.027043269230769230 0.042067307692307696
0 0.65625 0.12259615384615384 0.018629807692307690 0.042067307692307696
0 0.6466346153846154 0.06971153846153846 0.0234375 0.033052884615384616
0 0.7139423076923077 0.09615384615384616 0.0234375 0.03786057692307692
0 0.6875 0.12860576923076920 0.024639423076923076 0.028846153846153848
0 0.7175480769230769 0.17307692307692307 0.03064903846153846 0.03786057692307692
0 0.7055288461538461 0.27403846153846156 0.03545673076923077 0.039663461538461536
0 0.7283653846153846 0.2512019230769231 0.013221153846153846 0.045072115384615384
0 0.6983173076923077 0.3713942307692308 0.031850961538461536 0.040865384615384616
0 0.7283653846153846 0.4182692307692308 0.033052884615384616 0.052884615384615384
0 0.7536057692307693 0.4266826923076923 0.017427884615384616 0.045072115384615384
0 0.7415865384615384 0.5288461538461539 0.031850961538461536 0.052884615384615384
0 0.7331730769230769 0.6670673076923077 0.03786057692307690 0.045072115384615384
0 0.7680288461538461 0.8016826923076923 0.03545673076923077 0.052884615384615384
0 0.7836538461538461 0.8737980769230769 0.0234375 0.031850961538461536
0 0.8004807692307693 0.9651442307692307 0.034254807692307696 0.052884615384615384
0 0.7584134615384616 0.09975961538461539 0.017427884615384616 0.028846153846153848