1 0.021634615384615384 0.24519230769230768 0.033052884615384616 0.06670673076923077
1 0.13221153846153846 0.10817307692307693 0.06129807692307690 0.12920673076923078
1 0.25841346153846156 0.3233173076923077 0.022235576923076924 0.0703125
0 0.3713942307692308 0.32572115384615385 0.027043269230769230 0.057692307692307696
1 0.40625 0.14783653846153846 0.033052884615384616 0.09314903846153846
1 0.5144230769230769 0.1658653846153846 0.024639423076923076 0.0829326923076923
1 0.5036057692307693 0.2283653846153846 0.027043269230769230 0.06670673076923077
1 0.6550480769230769 0.22596153846153846 0.03545673076923077 0.07151442307692307
1 0.7043269230769231 0.234375 0.033052884615384616 0.0703125
1 0.7692307692307693 0.296875 0.018629807692307690 0.045072115384615384
1 0.8161057692307693 0.24278846153846154 0.03665865384615385 0.07151442307692307
1 0.8894230769230769 0.2704326923076923 0.029447115384615384 0.0625
1 0.9254807692307693 0.27163461538461536 0.024639423076923076 0.06670673076923077