0 0.1346153846153846 0.4375 0.06610576923076923 0.10576923076923077
0 0.14182692307692307 0.2980769230769231 0.057692307692307696 0.08533653846153846
1 0.21514423076923078 0.27884615384615385 0.05048076923076923 0.07151442307692307
0 0.27403846153846156 0.3401442307692308 0.04807692307692308 0.07932692307692307
1 0.30528846153846156 0.26322115384615385 0.043870192307692304 0.08413461538461539
0 0.23317307692307693 0.19471153846153846 0.052884615384615384 0.0967548076923077
1 0.12740384615384615 0.6213942307692307 0.051682692307692304 0.14603365384615385
0 0.19230769230769230 0.6790865384615384 0.07572115384615384 0.14603365384615385
0 0.2620192307692308 0.7896634615384616 0.0733173076923077 0.15564903846153846
1 0.36899038461538464 0.8677884615384616 0.09795673076923077 0.18689903846153846
1 0.3701923076923077 0.5108173076923077 0.06610576923076923 0.12800480769230768
1 0.36899038461538464 0.3449519230769231 0.0625 0.0889423076923077
0 0.36658653846153844 0.17427884615384615 0.03665865384615385 0.0655048076923077
1 0.46153846153846156 0.18629807692307693 0.04266826923076923 0.09795673076923077
1 0.4423076923076923 0.24158653846153846 0.029447115384615384 0.08413461538461539
1 0.5084134615384616 0.18389423076923078 0.04146634615384615 0.08413461538461539
0 0.5697115384615384 0.13221153846153846 0.0390625 0.08052884615384616
0 0.6189903846153846 0.20552884615384615 0.0625 0.11057692307692307
1 0.46274038461538464 0.44711538461538464 0.055288461538461536 0.10576923076923077
1 0.45552884615384615 0.6213942307692307 0.06490384615384616 0.10276442307692307
1 0.5612980769230769 0.5072115384615384 0.0625 0.12920673076923078
0 0.4807692307692308 0.796875 0.04266826923076923 0.10576923076923077
0 0.43149038461538464 0.8341346153846154 0.04146634615384615 0.1544471153846154
1 0.6153846153846154 0.9002403846153846 0.0907451923076923 0.16346153846153846
1 0.6430288461538461 0.5576923076923077 0.06971153846153846 0.12439903846153846
1 0.7007211538461539 0.7836538461538461 0.052884615384615384 0.14963942307692307
1 0.6778846153846154 0.4050480769230769 0.04927884615384615 0.09314903846153846
1 0.7560096153846154 0.5240384615384616 0.057692307692307696 0.11057692307692307
0 0.6778846153846154 0.11899038461538461 0.04927884615384615 0.0889423076923077
0 0.6754807692307693 0.23918269230769230 0.0390625 0.0625
0 0.7247596153846154 0.14783653846153846 0.045072115384615384 0.0751201923076923
1 0.8173076923076923 0.11538461538461539 0.034254807692307696 0.078125
0 0.7596153846153846 0.25240384615384615 0.043870192307692304 0.08052884615384616
1 0.8377403846153846 0.5048076923076923 0.06971153846153846 0.078125
0 0.8894230769230769 0.7391826923076923 0.0811298076923077 0.12319711538461539