1 0.47836538461538464 0.27524038461538464 0.07692307692307693 0.12319711538461539
1 0.08533653846153846 0.45072115384615385 0.045072115384615384 0.06430288461538461
1 0.15865384615384615 0.5072115384615384 0.03786057692307690 0.048677884615384616
1 0.30528846153846156 0.5204326923076923 0.029447115384615384 0.052884615384615384
1 0.23076923076923078 0.5360576923076923 0.0234375 0.043870192307692304
1 0.2644230769230769 0.5673076923076923 0.024639423076923076 0.039663461538461536
1 0.6358173076923077 0.5360576923076923 0.027043269230769230 0.043870192307692304
0 0.6225961538461539 0.6586538461538461 0.019831730769230768 0.03786057692307692
1 0.7716346153846154 0.41225961538461536 0.03786057692307690 0.07451923076923077
1 0.8473557692307693 0.4362980769230769 0.03545673076923077 0.0703125
1 0.9254807692307693 0.30528846153846156 0.06129807692307690 0.12439903846153846