1 0.06610576923076923 0.5949519230769231 0.031850961538461536 0.06009615384615385
1 0.15384615384615385 0.5396634615384616 0.018629807692307690 0.03665865384615385
1 0.19230769230769230 0.6237980769230769 0.034254807692307696 0.049879807692307696
1 0.30288461538461536 0.5060096153846154 0.04927884615384615 0.08954326923076923
1 0.42908653846153844 0.5949519230769231 0.03665865384615385 0.08353365384615384
1 0.5841346153846154 0.5564903846153846 0.033052884615384616 0.05588942307692308
1 0.6165865384615384 0.5360576923076923 0.017427884615384616 0.029447115384615384
0 0.6550480769230769 0.5372596153846154 0.014423076923076924 0.026442307692307692
1 0.7379807692307693 0.59375 0.034254807692307696 0.048677884615384616
0 0.8846153846153846 0.5300480769230769 0.043870192307692304 0.07872596153846154
1 0.7728365384615384 0.5276442307692307 0.014423076923076924 0.022235576923076924