1 0.1971153846153846 0.078125 0.009615384615384616 0.021634615384615384
1 0.21634615384615385 0.08052884615384616 0.010817307692307690 0.026442307692307692
1 0.2548076923076923 0.07091346153846154 0.014423076923076924 0.026442307692307692
1 0.32211538461538464 0.052884615384615384 0.024639423076923076 0.0625
1 0.3016826923076923 0.14182692307692307 0.031850961538461536 0.03485576923076923
1 0.14903846153846154 0.09375 0.028245192307692308 0.0625
1 0.45072115384615385 0.11538461538461539 0.017427884615384616 0.0625
1 0.5024038461538461 0.1310096153846154 0.0390625 0.08413461538461539
1 0.5925480769230769 0.19591346153846154 0.014423076923076924 0.026442307692307692
1 0.6947115384615384 0.12259615384615384 0.0390625 0.07632211538461539
1 0.875 0.14423076923076920 0.034254807692307696 0.09495192307692307