1 0.08052884615384616 0.2439903846153846 0.03545673076923077 0.06009615384615385
1 0.16947115384615385 0.24879807692307693 0.04026442307692308 0.0703125
0 0.22115384615384615 0.1971153846153846 0.028245192307692308 0.039663461538461536
0 0.25240384615384615 0.15504807692307693 0.0390625 0.05588942307692308
0 0.35216346153846156 0.19230769230769230 0.045072115384615384 0.06310096153846154
1 0.5012019230769231 0.234375 0.052884615384615384 0.09375
0 0.5336538461538461 0.1778846153846154 0.0234375 0.05709134615384615
0 0.5961538461538461 0.17548076923076920 0.04266826923076923 0.0673076923076923
0 0.6574519230769231 0.16466346153846154 0.045072115384615384 0.0673076923076923
1 0.8209134615384616 0.14423076923076920 0.057692307692307696 0.10096153846153846
1 0.7487980769230769 0.12379807692307693 0.027043269230769230 0.045072115384615384
1 0.7175480769230769 0.19230769230769230 0.025841346153846150 0.039663461538461536
0 0.057692307692307696 0.16466346153846154 0.029447115384615384 0.052884615384615384