1 0.04927884615384615 0.27163461538461536 0.04807692307692308 0.06790865384615384
1 0.18509615384615385 0.24879807692307693 0.0390625 0.060697115384615384
1 0.2644230769230769 0.2548076923076923 0.034254807692307696 0.06610576923076923
1 0.4074519230769231 0.23918269230769230 0.04026442307692308 0.06490384615384616
1 0.4519230769230769 0.22956730769230768 0.029447115384615384 0.0546875
1 0.4879807692307690 0.22596153846153846 0.029447115384615384 0.061899038461538464
1 0.5216346153846154 0.16826923076923078 0.033052884615384616 0.038461538461538464
1 0.5108173076923077 0.2800480769230769 0.03665865384615385 0.060697115384615384
1 0.5757211538461539 0.35096153846153844 0.057692307692307696 0.08713942307692307
0 0.6730769230769231 0.2091346153846154 0.043870192307692304 0.07271634615384616
1 0.6923076923076923 0.3713942307692308 0.05889423076923077 0.10757211538461539
1 0.8088942307692307 0.18389423076923078 0.03665865384615385 0.060697115384615384
1 0.8016826923076923 0.3449519230769231 0.052884615384615384 0.06911057692307693
1 0.9170673076923077 0.4519230769230769 0.07992788461538461 0.1388221153846154
0 0.8653846153846154 0.421875 0.034254807692307696 0.07692307692307693