1 0.042067307692307696 0.3161057692307690 0.06009615384615385 0.08653846153846154
1 0.05048076923076923 0.46274038461538464 0.06370192307692307 0.08653846153846154
1 0.15504807692307693 0.37259615384615385 0.08473557692307693 0.15384615384615385
1 0.24759615384615385 0.39302884615384615 0.051682692307692304 0.08353365384615384
1 0.5060096153846154 0.18028846153846154 0.07211538461538461 0.1201923076923077
1 0.8245192307692307 0.3245192307692308 0.10516826923076923 0.16826923076923078
1 0.9086538461538461 0.4495192307692308 0.04807692307692308 0.08233173076923077
1 0.7043269230769231 0.44711538461538464 0.052884615384615384 0.06310096153846154
1 0.7596153846153846 0.4326923076923077 0.034254807692307696 0.05709134615384615
1 0.25240384615384615 0.3016826923076923 0.051682692307692304 0.0703125
1 0.9290865384615384 0.36899038461538464 0.03665865384615385 0.05588942307692308
1 0.9447115384615384 0.47716346153846156 0.029447115384615384 0.06430288461538461
1 0.5564903846153846 0.2512019230769231 0.031850961538461536 0.08954326923076923