1 0.07572115384615384 0.6442307692307693 0.13221153846153846 0.2842548076923077
1 0.3233173076923077 0.3894230769230769 0.027043269230769230 0.057692307692307696
1 0.40625 0.39783653846153844 0.033052884615384616 0.0751201923076923
1 0.5444711538461539 0.3161057692307690 0.03064903846153846 0.0625
1 0.13221153846153846 0.40625 0.014423076923076924 0.03245192307692308
1 0.4411057692307690 0.3641826923076923 0.01201923076923077 0.026442307692307692
1 0.4891826923076923 0.3641826923076923 0.017427884615384616 0.036057692307692304
1 0.6394230769230769 0.3401442307692308 0.019831730769230768 0.021634615384615384
1 0.7019230769230769 0.3557692307692308 0.029447115384615384 0.052884615384615384
1 0.8990384615384616 0.3004807692307690 0.17307692307692307 0.3233173076923077
0 0.7295673076923077 0.30649038461538464 0.014423076923076924 0.036057692307692304
1 0.21514423076923078 0.39783653846153844 0.009615384615384616 0.04026442307692308