1 0.07211538461538461 0.0673076923076923 0.024639423076923076 0.043870192307692304
1 0.14783653846153846 0.052884615384615384 0.025841346153846150 0.03786057692307692
1 0.31009615384615385 0.08413461538461539 0.024639423076923076 0.05709134615384615
1 0.42908653846153844 0.030048076923076924 0.027043269230769230 0.045072115384615384
1 0.06610576923076923 0.20192307692307693 0.031850961538461536 0.052884615384615384
1 0.1466346153846154 0.16826923076923078 0.033052884615384616 0.043870192307692304
1 0.2800480769230769 0.16105769230769230 0.03064903846153846 0.052884615384615384
1 0.30288461538461536 0.2283653846153846 0.029447115384615384 0.043870192307692304
1 0.24158653846153846 0.3076923076923077 0.031850961538461536 0.043870192307692304
1 0.07932692307692307 0.2920673076923077 0.03786057692307690 0.052884615384615384
1 0.03485576923076923 0.36177884615384615 0.03545673076923077 0.05588942307692308
1 0.1045673076923077 0.41225961538461536 0.03545673076923077 0.045072115384615384
1 0.10216346153846154 0.4831730769230769 0.03064903846153846 0.06129807692307692
1 0.16346153846153846 0.5144230769230769 0.033052884615384616 0.05709134615384615
1 0.17307692307692307 0.5973557692307693 0.043870192307692304 0.06430288461538461
1 0.125 0.7980769230769231 0.043870192307692304 0.05889423076923077
1 0.1502403846153846 0.9230769230769231 0.045072115384615384 0.07151442307692307
1 0.25240384615384615 0.8701923076923077 0.043870192307692304 0.05709134615384615
1 0.3269230769230769 0.5024038461538461 0.0390625 0.052884615384615384
1 0.3473557692307690 0.3581730769230769 0.03064903846153846 0.048677884615384616
1 0.37740384615384615 0.8185096153846154 0.043870192307692304 0.0703125
1 0.4411057692307690 0.5612980769230769 0.03665865384615385 0.0673076923076923
1 0.5012019230769231 0.09975961538461539 0.027043269230769230 0.03365384615384615
1 0.5252403846153846 0.15745192307692307 0.03064903846153846 0.045072115384615384
1 0.5889423076923077 0.11177884615384616 0.028245192307692308 0.045072115384615384
1 0.5625 0.20192307692307693 0.029447115384615384 0.043870192307692304
1 0.6586538461538461 0.19110576923076920 0.033052884615384616 0.045072115384615384
1 0.6322115384615384 0.2512019230769231 0.034254807692307696 0.06009615384615385
1 0.5973557692307693 0.4026442307692308 0.03545673076923077 0.05588942307692308
1 0.5504807692307693 0.49278846153846156 0.034254807692307696 0.06310096153846154
1 0.7163461538461539 0.7920673076923077 0.04266826923076923 0.0703125
1 0.7704326923076923 0.3762019230769231 0.03545673076923077 0.06430288461538461
1 0.7992788461538461 0.546875 0.03665865384615385 0.06009615384615385
1 0.7872596153846154 0.04447115384615385 0.03064903846153846 0.03665865384615385
1 0.8137019230769231 0.026442307692307690 0.022235576923076924 0.043870192307692304
0 0.9254807692307693 0.06129807692307690 0.024639423076923076 0.049879807692307696
1 0.8389423076923077 0.11658653846153846 0.033052884615384616 0.03665865384615385
1 0.9567307692307693 0.34975961538461536 0.03786057692307690 0.040865384615384616
1 0.8978365384615384 0.49278846153846156 0.03545673076923077 0.05709134615384615
1 0.9206730769230769 0.6850961538461539 0.033052884615384616 0.06129807692307692
1 0.9519230769230769 0.7379807692307693 0.04927884615384615 0.052884615384615384