0 0.09975961538461539 0.25600961538461536 0.06490384615384616 0.10817307692307693
1 0.23317307692307693 0.2091346153846154 0.04266826923076923 0.07091346153846154
1 0.27163461538461536 0.21153846153846154 0.033052884615384616 0.04927884615384615
1 0.3401442307692308 0.18990384615384615 0.03545673076923077 0.0625
1 0.21153846153846154 0.40865384615384615 0.0673076923076923 0.10516826923076923
1 0.3112980769230769 0.5276442307692307 0.09795673076923077 0.16165865384615385
1 0.3894230769230769 0.20552884615384615 0.024639423076923076 0.046274038461538464
1 0.41346153846153844 0.2403846153846154 0.033052884615384616 0.05348557692307692
1 0.4807692307692308 0.296875 0.04807692307692308 0.10396634615384616
1 0.5456730769230769 0.21514423076923078 0.033052884615384616 0.07391826923076923
1 0.6706730769230769 0.4326923076923077 0.08713942307692307 0.13521634615384615
1 0.8786057692307693 0.8629807692307693 0.16165865384615385 0.24459134615384615
1 0.7692307692307693 0.28125 0.057692307692307696 0.09014423076923077