1 0.04447115384615385 0.484375 0.021033653846153848 0.04567307692307692
1 0.13221153846153846 0.5456730769230769 0.034254807692307696 0.07091346153846154
1 0.1814903846153846 0.5252403846153846 0.057692307692307696 0.1201923076923077
1 0.2283653846153846 0.5 0.033052884615384616 0.06850961538461539
1 0.31971153846153844 0.6754807692307693 0.06129807692307690 0.10576923076923077
1 0.04567307692307690 0.4170673076923077 0.013221153846153846 0.022235576923076924
1 0.09254807692307693 0.41466346153846156 0.014423076923076924 0.027043269230769232
1 0.11658653846153846 0.42427884615384615 0.022235576923076924 0.03665865384615385
1 0.13822115384615385 0.421875 0.017427884615384616 0.031850961538461536
1 0.29447115384615385 0.43028846153846156 0.025841346153846150 0.051682692307692304
1 0.31850961538461536 0.4495192307692308 0.017427884615384616 0.033052884615384616
1 0.33413461538461536 0.5096153846153846 0.028245192307692308 0.04266826923076923
1 0.35697115384615385 0.4074519230769231 0.014423076923076924 0.031850961538461536
1 0.4411057692307690 0.4723557692307690 0.027043269230769230 0.04146634615384615
1 0.41947115384615385 0.6430288461538461 0.03064903846153846 0.05048076923076923
1 0.4951923076923077 0.46274038461538464 0.019831730769230768 0.06009615384615385
1 0.5360576923076923 0.49759615384615385 0.033052884615384616 0.06370192307692307
1 0.5240384615384616 0.6201923076923077 0.04266826923076923 0.13401442307692307
1 0.4639423076923077 0.3737980769230769 0.018629807692307690 0.03665865384615385
1 0.4206730769230769 0.37740384615384615 0.0234375 0.03786057692307692
1 0.6418269230769231 0.5024038461538461 0.04266826923076923 0.06370192307692307
1 0.5757211538461539 0.4326923076923077 0.022235576923076924 0.03786057692307692
1 0.6778846153846154 0.36658653846153844 0.014423076923076924 0.031850961538461536
1 0.6646634615384616 0.3269230769230769 0.014423076923076924 0.028245192307692308
1 0.7776442307692307 0.6911057692307693 0.12980769230769230 0.2481971153846154
1 0.9603365384615384 0.41466346153846156 0.04026442307692308 0.09314903846153846
1 0.8725961538461539 0.4495192307692308 0.024639423076923076 0.051682692307692304
1 0.0733173076923077 0.5949519230769231 0.017427884615384616 0.03665865384615385
1 0.0625 0.4098557692307690 0.014423076923076924 0.027043269230769232