0 0.036057692307692304 0.2283653846153846 0.04266826923076923 0.0733173076923077
1 0.09615384615384616 0.28125 0.0673076923076923 0.1346153846153846
1 0.15745192307692307 0.27524038461538464 0.03064903846153846 0.040865384615384616
1 0.30288461538461536 0.23197115384615385 0.056490384615384616 0.09795673076923077
1 0.34975961538461536 0.26802884615384615 0.03545673076923077 0.0703125
1 0.53125 0.28966346153846156 0.03786057692307690 0.0703125
0 0.5817307692307693 0.2439903846153846 0.03786057692307690 0.07451923076923077
1 0.6262019230769231 0.31490384615384615 0.04146634615384615 0.0733173076923077
1 0.7908653846153846 0.34134615384615385 0.052884615384615384 0.0907451923076923
0 0.39903846153846156 0.3557692307692308 0.028245192307692308 0.03786057692307692
1 0.9447115384615384 0.2283653846153846 0.019831730769230768 0.029447115384615384
1 0.7055288461538461 0.23557692307692307 0.025841346153846150 0.043870192307692304