0 0.020432692307692308 0.2127403846153846 0.03545673076923077 0.06009615384615385
0 0.06610576923076923 0.18509615384615385 0.04807692307692308 0.07091346153846154
0 0.12860576923076920 0.17668269230769230 0.031850961538461536 0.052884615384615384
0 0.13341346153846154 0.23317307692307693 0.022235576923076924 0.07271634615384616
0 0.06129807692307690 0.3894230769230769 0.031850961538461536 0.05889423076923077
1 0.09134615384615384 0.5120192307692307 0.057692307692307696 0.09615384615384616
0 0.14543269230769230 0.6213942307692307 0.06009615384615385 0.10336538461538461
0 0.2824519230769231 0.9519230769230769 0.08473557692307693 0.0907451923076923
0 0.2824519230769231 0.04447115384615385 0.03064903846153846 0.05048076923076923
0 0.29447115384615385 0.1622596153846154 0.04026442307692308 0.06971153846153846
0 0.34615384615384615 0.203125 0.033052884615384616 0.07391826923076923
0 0.3798076923076923 0.21634615384615385 0.029447115384615384 0.07271634615384616
0 0.2608173076923077 0.3762019230769231 0.04146634615384615 0.0655048076923077
1 0.3317307692307690 0.5348557692307693 0.04807692307692308 0.08954326923076923
1 0.41346153846153844 0.5300480769230769 0.04266826923076923 0.08653846153846154
0 0.4963942307692308 0.20552884615384615 0.031850961538461536 0.05588942307692308
0 0.53125 0.20673076923076920 0.028245192307692308 0.05889423076923077
1 0.5853365384615384 0.25841346153846156 0.03064903846153846 0.09615384615384616
0 0.6730769230769231 0.12860576923076920 0.043870192307692304 0.08954326923076923
0 0.7548076923076923 0.15865384615384615 0.034254807692307696 0.06310096153846154
1 0.8834134615384616 0.15504807692307693 0.052884615384615384 0.08954326923076923
1 0.8701923076923077 0.31009615384615385 0.04927884615384615 0.11177884615384616
0 0.2848557692307690 0.05048076923076923 0.03545673076923077 0.0390625