1 0.38341346153846156 0.4639423076923077 0.057692307692307696 0.1201923076923077
1 0.38100961538461536 0.25721153846153844 0.07692307692307693 0.07151442307692307
1 0.6454326923076923 0.6730769230769231 0.06009615384615385 0.1544471153846154
1 0.5769230769230769 0.5288461538461539 0.0390625 0.13401442307692307
1 0.6947115384615384 0.25961538461538464 0.024639423076923076 0.048677884615384616
0 0.26322115384615385 0.2403846153846154 0.031850961538461536 0.052884615384615384
0 0.0829326923076923 0.23557692307692307 0.021033653846153848 0.037259615384615384
0 0.5072115384615384 0.21514423076923078 0.024639423076923076 0.057692307692307696
0 0.7524038461538461 0.19831730769230768 0.019831730769230768 0.057692307692307696
0 0.5757211538461539 0.3954326923076923 0.03665865384615385 0.0625
1 0.8918269230769231 0.3401442307692308 0.028245192307692308 0.04026442307692308
0 0.9338942307692307 0.36899038461538464 0.03665865384615385 0.0703125
0 0.9387019230769231 0.49158653846153844 0.027043269230769230 0.10276442307692307
0 0.9651442307692307 0.3605769230769231 0.03064903846153846 0.052884615384615384