1 0.8425480769230769 0.44350961538461536 0.11057692307692307 0.10817307692307693
1 0.6790865384615384 0.3425480769230769 0.07211538461538461 0.13161057692307693
1 0.6141826923076923 0.3317307692307690 0.07211538461538461 0.11598557692307693
1 0.5420673076923077 0.28966346153846156 0.06971153846153846 0.10817307692307693
1 0.4362980769230769 0.2956730769230769 0.0625 0.10516826923076923
1 0.3954326923076923 0.27884615384615385 0.03545673076923077 0.10096153846153846
1 0.3605769230769231 0.28966346153846156 0.034254807692307696 0.08653846153846154
1 0.30528846153846156 0.20192307692307693 0.054086538461538464 0.0907451923076923
1 0.25961538461538464 0.24759615384615385 0.056490384615384616 0.08233173076923077
1 0.11899038461538461 0.2644230769230769 0.031850961538461536 0.05709134615384615
1 0.02403846153846154 0.23197115384615385 0.03786057692307690 0.0673076923076923