1 0.08533653846153846 0.46875 0.045072115384615384 0.12920673076923078
1 0.2824519230769231 0.4375 0.04026442307692308 0.1015625
1 0.3329326923076923 0.49759615384615385 0.06009615384615385 0.0967548076923077
1 0.39663461538461536 0.36658653846153844 0.04266826923076923 0.09375
0 0.44471153846153844 0.3870192307692308 0.054086538461538464 0.1063701923076923
1 0.5060096153846154 0.5 0.07692307692307693 0.1544471153846154
0 0.5 0.3004807692307690 0.043870192307692304 0.0829326923076923
0 0.5805288461538461 0.2824519230769231 0.05048076923076923 0.10276442307692307
0 0.7007211538461539 0.3401442307692308 0.04807692307692308 0.09375
1 0.6706730769230769 0.4579326923076923 0.04807692307692308 0.09795673076923077
1 0.7427884615384616 0.4375 0.051682692307692304 0.1201923076923077
1 0.8894230769230769 0.3557692307692308 0.043870192307692304 0.08774038461538461
0 0.7884615384615384 0.48197115384615385 0.0673076923076923 0.1201923076923077
0 0.9567307692307693 0.3894230769230769 0.0625 0.1015625
0 0.18269230769230768 0.3581730769230769 0.029447115384615384 0.057692307692307696
0 0.8149038461538461 0.33774038461538464 0.029447115384615384 0.0625
1 0.9290865384615384 0.31971153846153844 0.027043269230769230 0.052884615384615384